couple_ij 	 Mij
1,2	0.404047499991
1,3	0.284049488724
1,4	0.221919749559
1,5	0.155578362228
1,6	0.135511443532
1,7	0.153579989352
1,8	0.12377386482
1,9	0.216610094267
1,10	0.257230575766
1,11	0.107679013155
1,12	0.143825430621
1,13	0.199608323191
1,14	0.0646999609423
1,15	0.125898609248
1,16	0.101711425441
1,17	0.134890996844
1,18	0.171849562942
1,19	0.0823095292932
1,20	0.124485501592
1,21	0.228058471927
1,22	0.0916479806448
1,23	0.181460902463
1,24	0.101245306067
1,25	0.150268698014
1,26	0.151120181603
1,27	0.187539626917
1,28	0.220714018188
1,29	0.182339527451
1,30	0.130491664513
1,31	0.185723392149
1,32	0.0420716043863
1,33	0.135037727717
1,34	0.152588538901
1,35	0.0999345748443
1,36	0.168479613533
1,37	0.198737561487
1,38	0.147271608737
1,39	0.114701182521
1,40	0.100094662295
1,41	0.0901643287632
1,42	0.125876831241
1,43	0.181569835108
1,44	0.0489612912589
1,45	0.189228025146
1,46	0.160527390833
1,47	0.0266678634464
1,48	0.130016622945
2,3	0.304543428213
2,4	0.238221998236
2,5	0.164454775964
2,6	0.123975990186
2,7	0.103814900811
2,8	0.0941606372589
2,9	0.109171405103
2,10	0.101540729092
2,11	0.0574635089441
2,12	0.0769492352542
2,13	0.0699831700918
2,14	0.0414631855022
2,15	0.0641778392318
2,16	0.237491784219
2,17	0.0511813460395
2,18	0.0829904508214
2,19	0.0440892897539
2,20	0.107977515164
2,21	0.0745976869961
2,22	0.111763585955
2,23	0.0709612380999
2,24	0.0416976928562
2,25	0.0607361972625
2,26	0.0528517152856
2,27	0.0588651590207
2,28	0.0685745297213
2,29	0.0836164662497
2,30	0.0632309505375
2,31	0.0750739736493
2,32	0.0275682810578
2,33	0.0590657487755
2,34	0.0780214841682
2,35	0.0529641886616
2,36	0.0590743106819
2,37	0.0929826612355
2,38	0.0708007738047
2,39	0.0537297702767
2,40	0.0889981940551
2,41	0.0478316275276
2,42	0.0598010325148
2,43	0.0759602173332
2,44	0.0324874609985
2,45	0.0858133790202
2,46	0.0401457136365
2,47	0.0250981660549
2,48	0.0461285609731
3,4	0.433070656753
3,5	0.294734214135
3,6	0.163971511777
3,7	0.257158279451
3,8	0.228217973066
3,9	0.232488156383
3,10	0.279924904436
3,11	0.179348087684
3,12	0.222095398035
3,13	0.131482561493
3,14	0.0784055064206
3,15	0.155875306252
3,16	0.0832806319545
3,17	0.150452177322
3,18	0.204956503829
3,19	0.0833970067214
3,20	0.10723978137
3,21	0.168395801677
3,22	0.115073157697
3,23	0.263233107642
3,24	0.157215447951
3,25	0.15205787229
3,26	0.170572026264
3,27	0.209537601617
3,28	0.207719852237
3,29	0.222857161308
3,30	0.1563015251
3,31	0.17988838841
3,32	0.0210886869922
3,33	0.145471434574
3,34	0.195902203764
3,35	0.0617549896389
3,36	0.164179156331
3,37	0.234743750852
3,38	0.180464358661
3,39	0.150964883435
3,40	0.10447492554
3,41	0.127554655962
3,42	0.160234434716